      1894  1895  1896  1897  1898  1899   1900   1901   1902   1903  ...    \
Jan   0.95  0.84  0.88  0.84  0.76  0.70   0.82   0.82   0.93   0.84  ...     
Feb   0.11  0.16  0.32  0.28  0.36  0.38   0.75   0.78   0.84   1.02  ...     
Mar   0.28  0.32  0.36  0.37  0.49  0.45   0.78   0.81   0.84   0.86  ...     
Apr   0.36  0.47  0.41  0.37  0.33  0.30   0.59   0.63   0.64   0.65  ...     
May   0.02  0.02  0.07  0.06  0.07  0.12   0.12   0.11   0.15   0.17  ...     
Jun   0.34  0.31  0.27  0.26  0.26  0.25   0.24   0.24   0.22   0.22  ...     
Jul   2.13  1.92  1.99  1.81  1.78  1.78   1.69   1.84   1.92   2.17  ...     
Aug   2.98  2.69  2.60  2.46  2.48  2.50   2.28   2.10   2.30   2.19  ...     
Sep   0.54  0.58  0.54  0.55  0.61  0.63   0.89   0.86   0.83   0.77  ...     
Oct   0.94  0.87  0.91  0.99  0.89  0.81   0.78   0.72   0.52   0.49  ...     
Nov   1.00  1.21  1.07  1.10  0.99  0.90   1.32   0.99   1.04   1.05  ...     
Dec   0.71  0.61  0.53  0.71  0.65  0.67   0.60   1.01   0.94   1.17  ...     
Ann  10.36  9.99  9.95  9.80  9.67  9.51  10.86  10.92  11.16  11.60  ...     

      1999   2000   2001   2002   2003   2004   2005   2006   2007   2008  
Jan   0.46   0.59   0.50   0.57   0.56   0.59   0.65   0.71   0.58   0.64  
Feb   0.88   0.94   0.82   0.75   0.79   0.49   0.54   0.61   0.66   0.77  
Mar   0.64   0.56   0.57   0.61   0.63   0.53   0.58   0.55   0.48   0.55  
Apr   0.45   0.48   0.45   0.48   0.44   0.44   0.37   0.41   0.26   0.30  
May   0.12   0.14   0.13   0.12   0.11   0.12   0.13   0.15   0.15   0.17  
Jun   0.27   0.27   0.33   0.32   0.32   0.36   0.40   0.20   0.13   0.15  
Jul   1.43   1.43   2.09   2.52   2.79   2.75   2.66   2.97   3.21   3.45  
Aug   2.37   2.63   2.39   2.23   2.29   2.13   2.10   2.14   2.33   2.32  
Sep   1.67   1.42   1.44   1.08   1.04   1.03   1.09   1.05   1.15   1.08  
Oct   0.76   0.76   0.81   0.72   0.75   0.82   0.91   0.49   0.55   0.55  
Nov   0.66   0.49   0.43   0.53   0.53   0.49   0.54   0.52   0.59   0.63  
Dec   0.62   0.33   0.38   0.47   0.44   0.43   0.48   0.54   0.52   0.51  
Ann  10.31  10.05  10.33  10.41  10.71  10.17  10.47  10.34  10.59  11.11  

[13 rows x 115 columns]