     1894   1895   1896  1897   1898  1899  1900  1901  1902  1903  ...    \
Jan  0.95   0.56   0.53  1.79   1.10  0.78  0.16  1.15  0.53  0.00  ...     
Feb  0.11   0.00   0.08  0.08   0.00  0.39  0.49  1.38  0.00  1.11  ...     
Mar  0.28   0.00   0.27  0.13   0.63  0.37  0.54  0.64  0.44  1.63  ...     
Apr  0.36   0.00   0.12  0.00   1.05  0.62  1.12  0.04  0.00  0.00  ...     
May  0.02   0.09   0.00  0.00   0.00  0.00  0.00  0.41  0.00  0.20  ...     
Jun  0.34   0.02   0.19  0.00   0.20  1.27  0.17  0.00  0.19  0.22  ...     
Jul  2.13   0.11   3.45  1.98   3.22  1.87  0.65  2.50  0.41  1.52  ...     
Aug  2.98   4.48   1.25  3.43   3.94  1.82  0.95  1.99  1.31  2.67  ...     
Sep  0.00   0.75   1.13  1.20   0.10  0.03  0.85  0.28  0.58  1.17  ...     
Oct  0.46   0.68   3.31  0.54   0.00  0.67  0.41  1.18  1.64  0.00  ...     
Nov  0.00   4.30   0.30  0.00   0.85  0.56  2.45  0.08  1.34  0.00  ...     
Dec  1.70   0.08   0.76  0.11   1.63  0.00  0.00  0.00  2.15  0.04  ...     
Ann  9.33  11.07  11.39  9.26  12.72  8.38  7.79  9.65  8.59  8.56  ...     

     1999   2000  2001  2002   2003  2004   2005   2006   2007   2008  
Jan  0.00   0.17  1.69  0.17   0.09  0.81   1.44   0.00   0.75   0.77  
Feb  0.00   0.04  0.20  0.04   1.23  0.38   1.90   0.00   0.06   1.04  
Mar  0.02   0.89  1.03  0.07   0.45  1.00   0.30   0.55   0.60   0.37  
Apr  1.12   0.00  1.51  0.00   0.09  0.97   0.34   0.00   0.37   0.03  
May  0.00   0.00  0.18  0.00   0.11  0.00   0.74   0.00   0.00   0.17  
Jun  0.00   1.97  0.71  0.00   0.00  0.03   0.10   0.60   0.00   0.15  
Jul  3.56   0.24  1.27  1.76   1.32  1.44   1.18   7.36   5.95   3.45  
Aug  2.32   1.81  0.78  2.43   3.95  0.32   5.10   1.12   1.10   2.32  
Sep  0.49   1.45  0.34  1.58   1.52  1.46   0.02   1.90   0.49   1.08  
Oct  0.00   4.24  0.10  0.55   0.33  0.93   0.51   0.68   0.29   0.55  
Nov  0.00   0.72  0.07  0.31   1.14  0.67   0.00   0.01   1.34   0.63  
Dec  0.01   0.00  0.68  0.56   0.21  0.71   0.02   0.59   1.01   0.51  
Ann  7.52  11.53  8.56  7.47  10.44  8.72  11.65  12.81  11.96  11.07  

[13 rows x 115 columns]