      1894    1895    1896   1897   1898   1899    1900    1901    1902  \
Jan  62.29   65.35   63.89  61.06  60.45  62.29   70.10   65.70   67.65   
Feb  68.32   70.71   65.47  65.36  74.82  65.25   69.25   65.72   70.79   
Mar  74.52   76.65   78.32  72.06  71.30  74.26   77.97   73.88   70.97   
Apr  83.26   84.11   82.53  84.00  83.33  82.33   73.40   80.81   85.70   
May  89.56   91.65   92.06  93.42  84.08  86.58   92.10   90.69   89.10   
Jun  98.21   98.97  101.08  97.40  97.78  95.80  101.13   97.55  101.63   
Jul  98.29  100.37   96.03  97.81  98.74  98.52  102.42  101.26   99.60   
Aug  96.10   96.45   95.68  94.48  96.52  97.39   98.58   99.26   96.61   
Sep  95.10   96.40   93.20  92.00  95.47  98.50   91.77   96.97   93.80   
Oct  88.39   85.19   81.32  84.29  88.68  81.97   83.97   86.06   88.10   
Nov  84.07   70.37   73.27  79.07  72.47  74.60   75.67   78.03   69.27   
Dec  66.68   66.74   69.20  67.16  59.32  68.16   68.52   68.71   64.06   
Ann  83.73   83.58   82.67  82.34  81.91  82.14   83.74   83.72   83.11   

       1903   ...     1999    2000    2001    2002    2003   2004    2005  \
Jan   64.26   ...    68.61   69.61   60.90   65.10   72.68  64.23   65.87   
Feb   59.50   ...    72.04   72.38   66.36   72.00   65.93  63.79   65.07   
Mar   72.23   ...    76.83   73.42   74.87   74.71   72.87  80.00   71.61   
Apr   80.10   ...    74.44   86.14   82.24   86.53   80.27  79.70   81.83   
May   87.84   ...    89.58   95.76   95.30   91.77   93.37  92.74   91.58   
Jun   98.43   ...    96.77   97.77  100.40  103.17  100.03  99.50   99.63   
Jul  100.81   ...    94.35  100.84   97.00   99.03  102.19  99.19  103.06   
Aug   98.32   ...    96.81   96.71   98.48   98.48   97.90  96.81   95.19   
Sep   92.40   ...    94.13   97.57   97.80   94.97   95.57  93.27   96.23   
Oct   85.74   ...    88.80   78.71   87.00   82.35   88.74  82.29   85.58   
Nov   80.07   ...    81.64   64.93   75.13   74.90   71.07  67.47   77.43   
Dec   68.36   ...    63.86   68.29   62.61   62.45   67.13  64.90   68.77   
Ann   82.34   ...    83.16   83.51   83.17   83.79   83.98  81.99   83.49   

       2006    2007    2008  
Jan   68.90   60.00   63.29  
Feb   72.79   69.68   68.52  
Mar   71.65   78.06   76.03  
Apr   83.43   83.23   83.30  
May   94.35   92.81   92.97  
Jun  101.60  100.60  100.27  
Jul   99.55   99.03  100.60  
Aug   94.71   97.97   96.52  
Sep   90.17   94.70   93.99  
Oct   82.90   86.55   85.21  
Nov   77.70   78.80   74.49  
Dec   63.84   60.84   65.10  
Ann   83.47   83.52   83.36  

[13 rows x 115 columns]