      1894   1895   1896   1897   1898   1899   1900   1901   1902   1903  \
Jan  34.88  34.99  35.16  34.94  34.80  34.10  34.53  34.20  34.58  34.28   
Feb  37.39  37.06  37.29  36.96  36.38  36.52  37.13  37.57  37.57  37.61   
Mar  40.20  41.23  40.99  40.57  40.31  40.52  41.01  41.03  40.68  41.24   
Apr  47.70  47.28  46.84  46.85  46.59  46.39  46.38  46.26  46.39  46.36   
May  54.84  55.18  55.11  54.98  54.70  54.78  54.28  53.60  53.44  52.69   
Jun  66.18  65.88  65.36  65.28  64.99  65.03  64.59  64.31  63.31  62.98   
Jul  73.68  73.75  73.69  73.23  72.98  72.77  72.38  72.39  72.20  71.93   
Aug  71.54  70.87  70.81  70.90  71.14  71.09  71.17  71.24  71.05  70.72   
Sep  65.76  65.15  64.79  64.91  64.85  64.62  64.81  64.58  64.15  63.54   
Oct  52.36  52.44  52.46  52.62  52.26  52.34  52.26  52.10  52.05  51.50   
Nov  41.07  41.57  41.98  41.85  41.67  41.62  41.78  41.95  42.00  41.97   
Dec  35.39  35.29  34.90  35.07  35.11  35.39  34.56  35.54  35.05  35.66   
Ann  51.75  51.72  51.61  51.51  51.31  51.26  51.24  51.23  51.04  50.87   

     ...     1999   2000   2001   2002   2003   2004   2005   2006   2007  \
Jan  ...    42.10  42.39  42.03  41.90  41.83  41.95  42.19  42.27  42.62   
Feb  ...    44.49  44.76  44.19  43.76  43.81  44.10  44.31  44.22  44.68   
Mar  ...    49.89  49.55  49.15  49.26  48.62  48.88  49.08  49.35  49.41   
Apr  ...    54.92  54.64  54.94  54.85  54.77  55.25  56.00  55.73  55.95   
May  ...    64.74  64.70  65.02  64.92  64.48  64.92  65.30  65.14  65.08   
Jun  ...    73.31  72.58  73.00  72.72  72.69  73.14  73.28  73.35  73.43   
Jul  ...    77.42  77.01  76.96  76.73  76.41  76.44  76.76  76.77  76.82   
Aug  ...    76.33  75.50  75.33  75.44  75.04  75.02  75.15  75.35  75.42   
Sep  ...    71.93  71.51  71.05  71.47  71.37  71.45  71.53  71.46  71.20   
Oct  ...    59.86  59.63  59.59  59.79  59.94  60.12  60.19  60.40  60.42   
Nov  ...    48.55  48.60  48.46  48.89  49.00  49.28  49.11  50.09  49.74   
Dec  ...    41.28  40.82  40.49  40.37  40.30  40.34  40.50  40.47  40.84   
Ann  ...    58.74  58.48  58.35  58.34  58.19  58.41  58.62  58.72  58.80   

      2008  
Jan  42.94  
Feb  44.82  
Mar  49.95  
Apr  55.44  
May  65.57  
Jun  73.42  
Jul  76.98  
Aug  75.58  
Sep  71.11  
Oct  60.77  
Nov  49.87  
Dec  40.84  
Ann  58.94  

[13 rows x 115 columns]