      1894   1895   1896   1897   1898   1899   1900   1901   1902   1903  \
Jan  62.55  63.63  63.89  64.31  64.30  64.26  63.86  63.94  63.88  64.47   
Feb  68.32  68.45  68.11  68.41  67.52  68.16  67.19  67.01  67.50  67.59   
Mar  74.52  75.01  74.87  74.44  74.22  74.54  73.45  73.33  73.11  73.43   
Apr  83.26  81.85  81.72  82.16  81.96  82.09  80.79  80.33  80.44  80.28   
May  89.56  89.92  90.02  89.92  89.71  89.73  88.85  88.61  88.27  87.66   
Jun  98.21  98.62  98.49  98.84  98.80  98.76  98.38  98.47  98.07  98.24   
Jul  98.29  98.88  99.18  99.23  99.39  99.36  99.43  99.42  99.75  99.65   
Aug  96.10  96.46  96.81  96.79  96.94  96.70  97.03  96.80  96.80  96.84   
Sep  95.11  94.63  94.93  94.80  94.56  94.31  94.28  94.20  94.51  94.79   
Oct  84.97  84.83  84.98  85.33  85.37  85.21  85.01  85.16  85.36  85.24   
Nov  75.64  75.65  75.94  75.20  75.69  75.75  74.41  74.73  74.68  74.28   
Dec  66.21  66.54  66.81  66.51  66.69  65.84  65.25  65.17  65.25  65.03   
Ann  82.73  82.87  82.98  82.99  82.93  82.89  82.33  82.26  82.30  82.29   

      ...      1999    2000    2001   2002   2003   2004    2005    2006  \
Jan   ...     66.76   66.55   66.90  65.93  65.90  65.92   65.62   65.12   
Feb   ...     68.89   68.59   68.43  68.14  68.10  68.86   68.50   68.02   
Mar   ...     75.84   75.49   75.12  75.13  74.52  75.00   74.80   74.97   
Apr   ...     81.53   81.45   81.74  81.44  81.48  82.11   82.96   82.57   
May   ...     92.58   92.74   93.34  92.93  92.51  93.02   93.41   93.11   
Jun   ...    100.35   99.93  100.18  99.88  99.66  99.97  100.33  100.65   
Jul   ...    100.48  100.38   99.98  99.69  99.29  99.48  100.05   99.96   
Aug   ...     98.89   98.25   97.67  97.57  97.05  96.96   96.97   97.01   
Sep   ...     95.37   95.27   94.67  95.03  94.86  94.84   94.92   94.59   
Oct   ...     85.24   85.29   84.56  84.72  84.79  84.81   84.37   85.08   
Nov   ...     73.57   74.26   74.08  74.37  74.38  74.36   73.55   74.62   
Dec   ...     65.87   66.10   65.60  64.81  64.76  64.78   64.88   64.46   
Ann   ...     83.78   83.69   83.52  83.30  83.11  83.34   83.36   83.35   

       2007    2008  
Jan   65.72   65.83  
Feb   68.25   67.63  
Mar   74.99   75.04  
Apr   82.61   81.96  
May   92.80   92.97  
Jun  100.69  100.27  
Jul  100.38  100.60  
Aug   96.80   96.52  
Sep   94.13   93.99  
Oct   84.80   85.21  
Nov   74.55   74.49  
Dec   64.72   65.10  
Ann   83.37   83.30  

[13 rows x 115 columns]