            Jan       Feb       Mar       Apr       May       Jun       Jul  \
mean   0.878348  0.829913  0.743304  0.387913  0.177391  0.266087  2.116696   
sigma  0.867479  0.820660  0.692993  0.517656  0.266987  0.421116  1.471643   
s      0.871275  0.824251  0.696026  0.519922  0.268155  0.422959  1.478083   
r      0.025126  0.057575  0.057840 -0.048406  0.004229 -0.032221  0.017851   

            Aug       Sep       Oct       Nov       Dec        Ann  
mean   2.151043  1.162783  0.740435  0.757652  0.965217  11.176783  
sigma  1.182366  1.008623  0.986113  0.889562  1.106767   3.352301  
s      1.187540  1.013037  0.990428  0.893455  1.111610   3.366972  
r      0.010377  0.081350  0.115668 -0.155348 -0.048318   0.034191  