      1894   1895   1896   1897   1898   1899   1900   1901   1902   1903  \
Jan  34.82  38.61  35.16  38.03  31.81  30.84  35.68  36.35  33.19  33.55   
Feb  37.39  37.07  40.96  36.00  39.64  33.29  35.04  38.96  34.32  31.14   
Mar  40.20  41.39  44.61  36.00  40.23  38.77  47.39  39.32  37.19  38.00   
Apr  47.70  46.35  45.17  46.40  51.47  49.10  44.77  43.73  46.93  44.27   
May  54.84  57.87  55.00  57.87  54.16  49.29  57.23  54.58  53.94  52.19   
Jun  66.18  63.20  70.38  62.77  68.55  66.00  64.07  61.77  64.63  62.37   
Jul  73.68  72.00  74.00  73.97  73.84  74.58  74.16  73.26  69.57  70.71   
Aug  71.54  69.13  72.35  73.43  73.03  69.74  66.84  70.39  71.65  73.29   
Sep  63.90  65.20  68.10  67.88  63.13  66.33  61.53  62.27  65.83  64.30   
Oct  54.20  52.48  56.26  50.81  48.23  52.16  52.97  52.58  53.87  49.03   
Nov  43.97  39.77  42.93  41.80  36.53  41.40  44.60  44.80  40.83  40.10   
Dec  43.19  30.45  38.17  30.65  35.16  34.74  34.65  32.19  36.45  35.46   
Ann  52.63  51.13  53.59  51.30  51.31  50.52  51.58  50.85  50.70  49.53   

     ...     1999   2000   2001   2002   2003   2004   2005   2006   2007  \
Jan  ...    39.77  41.54  39.87  40.68  44.61  44.06  45.06  41.87  39.81   
Feb  ...    42.22  45.00  41.00  43.86  45.36  40.90  49.04  45.82  44.29   
Mar  ...    47.10  46.97  48.90  46.19  48.68  55.65  49.65  48.66  51.30   
Apr  ...    48.52  58.20  54.20  59.00  53.72  56.03  55.54  56.37  56.30   
May  ...    61.53  66.54  65.61  62.10  64.35  65.52  65.13  66.84  66.03   
Jun  ...    71.90  72.73  72.77  73.50  73.03  72.53  72.83  75.76  72.97   
Jul  ...    73.58  76.65  76.42  75.87  77.61  75.43  78.06  77.52  76.29   
Aug  ...    73.87  73.59  74.81  74.48  76.32  75.00  73.90  75.45  77.23   
Sep  ...    70.70  72.07  73.27  71.77  71.83  70.20  72.57  68.67  72.28   
Oct  ...    59.55  58.52  60.23  58.29  63.97  58.87  61.55  58.74  60.74   
Nov  ...    50.74  41.31  52.52  48.97  48.80  47.04  50.30  49.69  53.52   
Dec  ...    38.96  40.68  37.94  40.83  41.73  42.23  41.52  39.31  39.40   
Ann  ...    56.54  57.82  58.13  57.96  59.17  58.62  59.60  58.73  59.18   

      2008  
Jan  42.23  
Feb  43.52  
Mar  45.74  
Apr  54.67  
May  65.57  
Jun  73.42  
Jul  76.98  
Aug  75.58  
Sep  71.11  
Oct  60.77  
Nov  49.87  
Dec  40.84  
Ann  58.36  

[13 rows x 115 columns]